cost_PV,cost_WG,cost_net,cost_sum
0.0,115.05,0.0,115.05
0.0,139.27112499999998,0.0,139.27112499999998
0.0,148.4,0.0,148.4
0.0,176.66759375,0.0,176.66759375
0.0,139.54276315789474,0.0,139.54276315789474
0.0,144.5625,0.0,144.5625
0.0,120.1,21.67500000000001,141.775
0.0,23.65,306.7,330.34999999999997
0.0,76.89999999999999,110.20000000000002,187.10000000000002
0.0,53.4,208.2,261.59999999999997
0.0,25.9,261.2,287.09999999999997
0.0,108.45,74.1,182.55
0.0,177.3,5.399999999999977,182.7
0.0,109.7,149.6,259.3
0.0,55.5,278.0,333.5
0.0,109.3,200.4,309.7
0.0,188.95,34.10000000000002,223.05
0.0,170.5,0.0,170.5
0.0,184.04276315789474,0.0,184.04276315789474
0.0,161.0625,0.0,161.0625
0.0,109.85,66.17500000000001,176.025
0.0,89.14999999999999,127.70000000000002,216.85000000000002
0.0,76.75,131.5,208.25
0.0,0.0,324.0,324.0
