cost_PV,cost_WG,cost_net,cost_sum
0.0,36.6,190.8,227.4
0.0,54.375,183.25,237.625
0.0,98.975,109.05000000000001,208.025
0.0,45.775,201.45,247.225
0.0,117.9,35.19999999999999,153.1
0.0,25.0,0.0,25.0
0.0,73.64999999999999,90.57500000000002,164.22500000000002
0.0,30.35,162.3,192.65
0.0,6.25,279.5,285.75
0.0,75.575,131.85,207.425
0.0,4.9,277.2,282.09999999999997
0.0,30.6,300.8,331.40000000000003
0.0,83.375,279.25,362.625
0.0,66.32499999999999,371.35,437.675
0.0,30.5,394.0,424.5
0.0,40.825,424.35,465.175
0.0,66.125,150.75,216.875
0.0,85.2,140.6,225.8
0.0,79.575,258.85,338.425
0.0,82.47500000000001,58.04999999999998,140.52499999999998
0.0,42.575,143.85,186.425
0.0,41.375,278.25,319.625
0.0,47.425,207.15,254.575
0.0,58.075,174.85,232.925
