E_B,P_Battery_Max,cost_ALL,cost_PV,cost_WG,cost_net
400,50,4532.58997260274,1097.536,1082.5250000000003,2292.254999999999
400,100,4446.008236106896,1097.536,1042.8501385041552,2245.3481249999995
400,150,4446.008236106896,1097.536,1042.8501385041552,2245.3481249999995
400,200,4424.392861106896,1097.536,1018.1001385041552,2248.4827499999997
400,250,4461.83306990191,1097.536,1032.484972299169,2271.5381249999996
400,300,4461.83306990191,1097.536,1032.484972299169,2271.5381249999996
500,50,4494.58997260274,1097.536,1082.5250000000003,2254.2549999999997
500,100,4347.644551896369,1097.536,1058.4864542936289,2131.348125
500,150,4273.178711106895,1097.536,982.8301385041552,2132.5386
500,200,4253.974472669395,1097.536,960.0978260041554,2136.0666740624997
500,250,4348.313069901909,1097.536,1032.4849722991692,2158.018125
500,300,4348.313069901909,1097.536,1032.4849722991692,2158.018125
500,350,4348.313069901909,1097.536,1032.4849722991692,2158.018125
500,400,4348.313069901909,1097.536,1032.4849722991692,2158.018125
600,50,4456.58997260274,1097.536,1082.5250000000003,2216.2549999999997
600,100,4275.749815054264,1097.536,1100.591717451524,2017.3481249999998
600,150,4166.920290054264,1097.536,990.5717174515237,2018.5385999999996
600,200,4167.438336106896,1097.536,983.0801385041552,2026.5482249999998
600,250,4209.242294901909,1097.536,1000.7149722991691,2050.71735
600,300,4209.242294901909,1097.536,1000.7149722991691,2050.71735
600,350,4209.242294901909,1097.536,1000.7149722991691,2050.71735
600,400,4209.242294901909,1097.536,1000.7149722991691,2050.71735
600,450,4209.242294901909,1097.536,1000.7149722991691,2050.71735
700,50,4338.88997260274,1097.536,972.0250000000002,2209.055
700,100,4224.21914760274,1097.536,1117.4000000000003,1949.0091749999997
700,150,4015.442053212159,1097.536,952.1769806094185,1905.4551
700,200,3999.6491684621587,1097.536,927.1869306094185,1914.6522652499998
700,250,4115.817387007172,1097.536,1014.9818144044322,1943.0255999999997
700,300,4137.351287007172,1097.536,1033.001814404432,1946.5394999999996
700,350,4137.351287007172,1097.536,1033.001814404432,1946.5394999999996
700,400,4137.351287007172,1097.536,1033.001814404432,1946.5394999999996
700,450,4137.351287007172,1097.536,1033.001814404432,1946.5394999999996
700,500,4137.351287007172,1097.536,1033.001814404432,1946.5394999999996
800,50,4321.53297260274,1097.536,972.0250000000002,2191.698
800,100,4186.21914760274,1097.536,1117.4000000000003,1911.0091749999995
800,150,3944.41449760274,1097.536,993.2050000000002,1793.3995249999998
800,200,3950.3519413700533,1097.536,988.202243767313,1804.3397249999998
800,250,4000.0514413525675,1097.536,1006.471840062327,1835.7696286874998
800,300,4040.7328861025676,1097.536,1040.514890062327,1842.4080234374997
800,350,4041.9278861025673,1097.536,1041.514890062327,1842.6030234374998
800,400,4041.9278861025673,1097.536,1041.514890062327,1842.6030234374998
800,450,4041.9278861025673,1097.536,1041.514890062327,1842.6030234374998
800,500,4041.9278861025673,1097.536,1041.514890062327,1842.6030234374998
900,50,4283.53297260274,1097.536,972.0250000000002,2153.698
900,100,4148.21914760274,1097.536,1117.4000000000003,1873.0091749999997
900,150,3906.41449760274,1097.536,993.2050000000002,1755.3995249999998
900,200,3887.99847260274,1097.536,1018.4550000000002,1711.7334999999996
900,250,3953.39172260274,1097.536,1067.205,1728.3767499999997
900,300,4013.84138016524,1097.536,1117.7904875000002,1738.2409200624998
900,350,4015.0363801652406,1097.536,1118.7904875000002,1738.4359200624997
900,400,4015.0363801652406,1097.536,1118.7904875000002,1738.4359200624997
900,450,4015.0363801652406,1097.536,1118.7904875000002,1738.4359200624997
900,500,4015.0363801652406,1097.536,1118.7904875000002,1738.4359200624997
1000,50,4245.53297260274,1097.536,972.0250000000002,2115.698
1000,100,4110.21914760274,1097.536,1117.4000000000003,1835.0091749999997
1000,150,3868.41449760274,1097.536,993.2050000000003,1717.3995249999998
1000,200,3849.99847260274,1097.536,1018.455,1673.7334999999998
1000,250,3915.39172260274,1097.536,1067.205,1690.3767499999997
1000,300,3975.8413801652405,1097.536,1117.7904875000002,1700.2409200624998
1000,350,3977.0363801652406,1097.536,1118.7904875000002,1700.4359200624997
1000,400,3977.0363801652406,1097.536,1118.7904875000002,1700.4359200624997
1000,450,3977.0363801652406,1097.536,1118.7904875000002,1700.4359200624997
1000,500,3977.0363801652406,1097.536,1118.7904875000002,1700.4359200624997
